Documents(i,j) with Similarity Score
  (0, 0)	1.0
  (0, 1)	0.82
  (0, 2)	0.61
  (0, 3)	0.87
  (0, 4)	0.87
  (0, 5)	0.61
  (1, 0)	0.82
  (1, 1)	1.0
  (1, 2)	0.61
  (1, 3)	0.78
  (1, 4)	0.78
  (1, 5)	0.55
  (2, 0)	0.61
  (2, 1)	0.61
  (2, 2)	1.0
  (2, 3)	0.59
  (2, 4)	0.59
  (2, 5)	0.49
  (3, 0)	0.87
  (3, 1)	0.78
  (3, 2)	0.59
  (3, 3)	1.0
  (3, 4)	1.0
  (3, 5)	0.65
  (4, 0)	0.87
  (4, 1)	0.78
  (4, 2)	0.59
  (4, 3)	1.0
  (4, 4)	1.0
  (4, 5)	0.65
  (5, 0)	0.61
  (5, 1)	0.55
  (5, 2)	0.49
  (5, 3)	0.65
  (5, 4)	0.65
  (5, 5)	1.0